Column 1: year (1 = 1990)
Column 2: GDP with population change and climate change
Column 3: GDP without population change and climate change
Column 4: GDP with population change and without climate change
Column 5: GDP without population change and without climate change
Column 6: GDP/capita with population change and climate change
Column 7: GDP/capita without population change and climate change
Column 8: GDP/capita with population change and without climate change
Column 9: GDP/capita without population change and without climate change

                        Y,Y              N,Y           Y,N             N,N           Y,Y             N,Y          Y,N          N,N
                 1    36077.31431    36077.31431    36077.31431    36077.31431   0.006876449   0.006876449   0.006876449   0.006876449
                 2    36428.69199    36072.45963    36434.74700    36079.00496   0.006836209   0.006875524   0.006837345   0.006876772
                 3    36780.19488    36066.35415    36794.03092    36080.55033   0.006797215   0.006874360   0.006799772   0.006877066
                 4    37131.73248    36059.07066    37155.11038    36081.96291   0.006759396   0.006872972   0.006763652   0.006877335
                 5    37483.09368    36050.67516    37517.81037    36083.25409   0.006722662   0.006871372   0.006728888   0.006877581
                 6    37834.01276    36041.22742    37881.90254    36084.43433   0.006686918   0.006869571   0.006695382   0.006877806
                 7    38167.01911    36030.78155    38230.02184    36085.51314   0.006652531   0.006867580   0.006663512   0.006878012
                 8    38499.27476    36019.38655    38579.32181    36086.49925   0.006618952   0.006865408   0.006632714   0.006878200
                 9    38830.64739    36007.08663    38929.71232    36087.40062   0.006586127   0.006863064   0.006602930   0.006878372
                10    39160.99620    35993.92154    39281.09739    36088.22453   0.006554002   0.006860554   0.006574103   0.006878529
                11    39490.17530    35979.92701    39633.37728    36088.97764   0.006522526   0.006857887   0.006546178   0.006878672
                12    39819.36053    35965.13519    39987.83466    36089.66603   0.006490331   0.006855068   0.006517792   0.006878804
                13    40147.01382    35949.57497    40342.93350    36090.29527   0.006458727   0.006852102   0.006490246   0.006878924
                14    40473.01702    35933.27232    40698.60605    36090.87044   0.006427671   0.006848994   0.006463498   0.006879033
                15    40797.24261    35916.25052    41054.77485    36091.39618   0.006397123   0.006845750   0.006437505   0.006879133
                16    41119.55090    35898.53037    41411.35450    36091.87675   0.006367042   0.006842373   0.006412226   0.006879225
                17    41456.82168    35880.13019    41785.91079    36092.31601   0.006338774   0.006838865   0.006389092   0.006879309
                18    41800.52918    35861.06615    42170.02369    36092.71753   0.006310895   0.006835232   0.006366680   0.006879385
                19    42172.08431    35841.35273    42585.32836    36093.08455   0.006286733   0.006831474   0.006348336   0.006879455
                20    42534.43310    35821.00276    42993.77255    36093.42002   0.006260509   0.006827596   0.006328118   0.006879519
                21    42875.55722    35800.02768    43382.84133    36093.72667   0.006230949   0.006823598   0.006304671   0.006879578
                22    43211.71018    35778.43762    43769.56555    36094.00697   0.006201386   0.006819482   0.006281444   0.006879631
                23    43546.80991    35756.24157    44158.22680    36094.26318   0.006172016   0.006815252   0.006258674   0.006879680
                24    43880.87382    35733.44750    44548.82245    36094.49737   0.006141560   0.006810907   0.006235046   0.006879724
                25    44212.17345    35710.06254    44939.53880    36094.71144   0.006112712   0.006806450   0.006213276   0.006879765
                26    44546.28848    35686.09303    45336.28382    36094.90711   0.006084357   0.006801881   0.006192259   0.006879803
                27    44883.77091    35661.54475    45739.11077    36095.08597   0.006058613   0.006797202   0.006174070   0.006879837
                28    45192.49235    35636.42297    46114.72749    36095.24946   0.006029157   0.006792414   0.006152193   0.006879868
                29    45471.84996    35610.73261    46461.62701    36095.39890   0.005998156   0.006787517   0.006128716   0.006879896
                30    45730.01410    35584.47827    46789.42885    36095.53550   0.005968543   0.006782513   0.006106814   0.006879922
                31    45978.18336    35557.66447    47110.69360    36095.66036   0.005939810   0.006777402   0.006086116   0.006879946
                32    46133.63275    35530.29568    47340.35440    36095.77449   0.005906789   0.006772186   0.006061293   0.006879968
                33    46295.76261    35502.37646    47581.12408    36095.87881   0.005880479   0.006766864   0.006043746   0.006879988
                34    46521.45076    35473.91152    47891.66431    36095.97417   0.005857822   0.006761439   0.006030354   0.006880006
                35    46719.34504    35444.90563    48175.63358    36096.06133   0.005832517   0.006755910   0.006014322   0.006880023
                36    46891.63192    35415.36391    48436.85750    36096.14100   0.005804412   0.006750279   0.005995685   0.006880038
                37    47042.46678    35385.29201    48679.05751    36096.21383   0.005774550   0.006744548   0.005975444   0.006880052
                38    47186.52977    35354.69612    48916.09109    36096.28040   0.005744654   0.006738716   0.005955217   0.006880064
                39    47319.72363    35323.58310    49144.58266    36096.34124   0.005714602   0.006732786   0.005934983   0.006880076
                40    47442.95142    35291.96059    49365.40973    36096.39686   0.005684438   0.006726758   0.005914780   0.006880086
                41    47555.43716    35259.83698    49577.83635    36096.44770   0.005654028   0.006720636   0.005894477   0.006880096
                42    47658.67809    35227.22150    49783.27123    36096.49417   0.005623544   0.006714419   0.005874238   0.006880105
                43    47753.05870    35194.12437    49982.28669    36096.53665   0.005593058   0.006708111   0.005854156   0.006880113
                44    47840.31086    35160.55688    50176.51972    36096.57548   0.005562768   0.006701712   0.005834417   0.006880121
                45    47919.89653    35126.53148    50365.37978    36096.61097   0.005532581   0.006695227   0.005814924   0.006880127
                46    47992.73771    35092.06181    50549.70544    36096.64341   0.005502612   0.006688657   0.005795781   0.006880133
                47    48057.09000    35057.16267    50727.60550    36096.67306   0.005472677   0.006682005   0.005776791   0.006880139
                48    48114.36639    35021.85041    50900.46565    36096.70017   0.005442926   0.006675275   0.005758103   0.006880144
                49    48164.98005    34986.14281    51068.61499    36096.72494   0.005413449   0.006668469   0.005739800   0.006880149
                50    48208.61821    34950.05919    51231.55034    36096.74759   0.005384187   0.006661591   0.005721804   0.006880153
                51    48244.44872    34913.62029    51388.38450    36096.76829   0.005355061   0.006654646   0.005704033   0.006880157
                52    48273.36511    34876.84840    51539.74621    36096.78721   0.005326156   0.006647637   0.005686547   0.006880161
                53    48295.41305    34839.76735    51685.60242    36096.80451   0.005297556   0.006640569   0.005669428   0.006880164
                54    48311.47778    34802.40268    51826.75285    36096.82032   0.005269350   0.006633447   0.005652762   0.006880167
                55    48319.29906    34764.78149    51960.74981    36096.83477   0.005241276   0.006626276   0.005636271   0.006880170
                56    48319.67808    34726.93246    52088.20339    36096.84798   0.005213478   0.006619062   0.005620085   0.006880172
                57    48312.93743    34688.88582    52209.25215    36096.86005   0.005186022   0.006611810   0.005604262   0.006880175
                58    48298.84123    34650.67330    52323.55821    36096.87109   0.005158889   0.006604527   0.005588777   0.006880177
                59    48277.32377    34612.32792    52430.93034    36096.88118   0.005132119   0.006597218   0.005573669   0.006880179
                60    48248.84222    34573.88410    52531.70136    36096.89040   0.005105751   0.006589891   0.005558969   0.006880181
                61    48212.69683    34535.37766    52624.92632    36096.89883   0.005079710   0.006582551   0.005544584   0.006880182
                62    48170.72876    34496.84557    52712.33602    36096.90653   0.005054207   0.006575207   0.005530725   0.006880184
                63    48122.43002    34458.32587    52793.21461    36096.91357   0.005029155   0.006567865   0.005517287   0.006880185
                64    48067.94750    34419.85745    52867.44670    36096.92001   0.005004553   0.006560533   0.005504249   0.006880186
                65    48006.96459    34381.47993    52934.82959    36096.92589   0.004980319   0.006553218   0.005491543   0.006880187
                66    47939.95079    34343.23347    52995.39958    36096.93127   0.004956511   0.006545928   0.005479194   0.006880188
                67    47867.57228    34305.15858    53049.72856    36096.93619   0.004933096   0.006538671   0.005467154   0.006880189
                68    47791.44712    34267.29588    53099.23711    36096.94068   0.004910200   0.006531454   0.005455535   0.006880190
                69    47712.96024    34229.68592    53145.33601    36096.94479   0.004887921   0.006524286   0.005444437   0.006880191
                70    47632.52935    34192.36895    53188.33206    36096.94855   0.004866249   0.006517173   0.005433843   0.006880192
                71    47548.66606    34155.38468    53226.39296    36096.95198   0.004845004   0.006510123   0.005423540   0.006880192
                72    47462.96973    34118.77209    53261.08448    36096.95511   0.004824272   0.006503145   0.005413609   0.006880193
                73    47376.73121    34082.56917    53293.67187    36096.95798   0.004804146   0.006496245   0.005404142   0.006880193
                74    47290.08478    34046.81279    53324.16084    36096.96060   0.004784586   0.006489429   0.005395085   0.006880194
                75    47203.20172    34011.53845    53352.72109    36096.96300   0.004765585   0.006482706   0.005386433   0.006880194
                76    47115.36220    33976.78005    53378.30504    36096.96519   0.004747045   0.006476081   0.005378059   0.006880195
                77    47027.73958    33942.56971    53402.11644    36096.96719   0.004729067   0.006469560   0.005370068   0.006880195
                78    46941.51073    33908.93763    53425.36644    36096.96902   0.004711738   0.006463150   0.005362552   0.006880196
                79    46856.53507    33875.91201    53447.63073    36096.97069   0.004695054   0.006456855   0.005355486   0.006880196
                80    46771.55334    33843.51887    53467.62917    36096.97222   0.004678885   0.006450681   0.005348740   0.006880196
                81    46687.86802    33811.78187    53486.76723    36096.97362   0.004663357   0.006444632   0.005342457   0.006880196
                82    46604.18168    33780.72232    53503.37243    36096.97490   0.004648329   0.006438712   0.005336459   0.006880197
                83    46522.21740    33750.35911    53519.50861    36096.97606   0.004633993   0.006432924   0.005330980   0.006880197
                84    46440.13533    33720.70870    53532.76271    36096.97713   0.004620168   0.006427273   0.005325789   0.006880197
                85    46358.71567    33691.78513    53544.24390    36096.97811   0.004606929   0.006421760   0.005320996   0.006880197
                86    46277.92245    33663.59994    53553.68978    36096.97900   0.004594296   0.006416388   0.005316607   0.006880197
                87    46200.03172    33636.16232    53563.57075    36096.97981   0.004582474   0.006411158   0.005312847   0.006880198
                88    46122.43667    33609.47906    53571.04075    36096.98056   0.004571211   0.006406072   0.005309445   0.006880198
                89    46044.43926    33583.55465    53575.46975    36096.98124   0.004560445   0.006401131   0.005306351   0.006880198
                90    45968.19861    33558.39139    53579.08359    36096.98186   0.004550390   0.006396335   0.005303792   0.006880198
                91    45891.98070    33533.98948    53580.02707    36096.98243   0.004540854   0.006391684   0.005301560   0.006880198
                92    45816.78096    33510.34711    53579.33657    36096.98295   0.004531911   0.006387177   0.005299735   0.006880198
                93    45745.05852    33487.46056    53579.82011    36096.98343   0.004523803   0.006382815   0.005298595   0.006880198
                94    45672.34094    33465.32439    53576.62763    36096.98386   0.004516033   0.006378596   0.005297601   0.006880198
                95    45601.06501    33443.93154    53572.31403    36096.98426   0.004508841   0.006374518   0.005297004   0.006880198
                96    45530.26665    33423.27345    53565.96937    36096.98462   0.004502096   0.006370581   0.005296677   0.006880199
                97    45459.15007    33403.34017    53556.78117    36096.98495   0.004495713   0.006366781   0.005296534   0.006880199
                98    45390.43355    33384.12057    53547.81220    36096.98526   0.004489951   0.006363118   0.005296866   0.006880199
                99    45323.32604    33365.60240    53538.04807    36096.98553   0.004484684   0.006359588   0.005297520   0.006880199
               100    45259.35550    33347.77246    53529.26722    36096.98579   0.004480076   0.006356190   0.005298688   0.006880199
               101    45194.88656    33330.61663    53517.68795    36096.98602   0.004475746   0.006352920   0.005299970   0.006880199
               102    45130.94727    33314.12006    53504.41952    36096.98623   0.004471789   0.006349776   0.005301473   0.006880199
               103    45069.71547    33298.26725    53491.88801    36096.98642   0.004468426   0.006346754   0.005303440   0.006880199
               104    45009.17459    33283.04215    53478.07738    36096.98660   0.004465446   0.006343852   0.005305662   0.006880199
               105    44949.61867    33268.42830    53463.06570    36096.98676   0.004462899   0.006341067   0.005308171   0.006880199
               106    44890.92810    33254.40889    53446.86538    36096.98691   0.004460765   0.006338395   0.005310960   0.006880199
               107    44832.29822    33240.96688    53428.79582    36096.98704   0.004458981   0.006335833   0.005313981   0.006880199
               108    44773.08708    33228.08505    53408.15383    36096.98717   0.004457459   0.006333377   0.005317138   0.006880199
               109    44715.21703    33215.74613    53386.96891    36096.98728   0.004456385   0.006331025   0.005320624   0.006880199
               110    44657.07876    33203.93280    53363.67964    36096.98738   0.004455622   0.006328774   0.005324316   0.006880199
               111    44599.09262    33192.62779    53338.89137    36096.98748   0.004455183   0.006326619   0.005328236   0.006880199
               112    44541.50511    33181.81394    53310.94179    36096.98756   0.004454473   0.006324558   0.005331480   0.006880199
               113    44486.40844    33171.47422    53284.29985    36096.98764   0.004453716   0.006322587   0.005334509   0.006880199
               114    44433.73685    33161.59181    53258.94764    36096.98771   0.004452920   0.006320703   0.005337337   0.006880199
               115    44383.42655    33152.15013    53234.86849    36096.98778   0.004452090   0.006318904   0.005339976   0.006880199
               116    44335.40935    33143.13285    53212.03842    36096.98784   0.004451235   0.006317185   0.005342440   0.006880199
               117    44289.61666    33134.52396    53190.43042    36096.98789   0.004450358   0.006315544   0.005344740   0.006880199
               118    44245.98438    33126.30777    53170.02029    36096.98794   0.004449467   0.006313978   0.005346886   0.006880199
               119    44204.43753    33118.46891    53150.76918    36096.98799   0.004448564   0.006312484   0.005348888   0.006880199
               120    44164.90575    33110.99241    53132.64001    36096.98803   0.004447654   0.006311059   0.005350756   0.006880199
               121    44127.31826    33103.86364    53115.59480    36096.98807   0.004446742   0.006309700   0.005352497   0.006880199
               122    44091.60711    33097.06839    53099.59634    36096.98810   0.004445829   0.006308405   0.005354119   0.006880199
               123    44057.70622    33090.59284    53084.60740    36096.98813   0.004444919   0.006307171   0.005355630   0.006880199
               124    44025.54470    33084.42355    53070.58341    36096.98816   0.004444015   0.006305995   0.005357037   0.006880199
               125    43995.05736    33078.54751    53057.48553    36096.98819   0.004443120   0.006304875   0.005358346   0.006880199
               126    43966.17783    33072.95212    53045.27111    36096.98821   0.004442234   0.006303808   0.005359563   0.006880199
               127    43938.84201    33067.62522    53033.89849    36096.98823   0.004441360   0.006302793   0.005360693   0.006880199
               128    43912.98819    33062.55499    53023.32835    36096.98825   0.004440500   0.006301827   0.005361742   0.006880199
               129    43888.56309    33057.73004    53013.52863    36096.98826   0.004439655   0.006300907   0.005362714   0.006880199
               130    43865.50189    33053.13938    53004.45291    36096.98828   0.004438827   0.006300032   0.005363614   0.006880199
               131    43843.74747    33048.77240    52996.06214    36096.98829   0.004438016   0.006299200   0.005364445   0.006880199
               132    43823.24578    33044.61888    52988.32106    36096.98830   0.004437223   0.006298408   0.005365212   0.006880199
               133    43803.94515    33040.66899    52981.19450    36096.98831   0.004436449   0.006297655   0.005365918   0.006880199
               134    43785.79885    33036.91323    52974.65305    36096.98832   0.004435695   0.006296939   0.005366567   0.006880199
               135    43768.75477    33033.34250    52968.65999    36096.98833   0.004434961   0.006296259   0.005367161   0.006880199
               136    43752.76456    33029.94802    52963.18200    36096.98834   0.004434248   0.006295612   0.005367704   0.006880199
               137    43737.78408    33026.72134    52958.18937    36096.98834   0.004433555   0.006294997   0.005368197   0.006880199
               138    43723.77011    33023.65437    52953.65373    36096.98834   0.004432883   0.006294412   0.005368644   0.006880199
               139    43710.68716    33020.73929    52949.55404    36096.98835   0.004432232   0.006293857   0.005369046   0.006880199
               140    43698.49169    33017.96863    52945.85954    36096.98835   0.004431601   0.006293328   0.005369405   0.006880199
               141    43687.14574    33015.33518    52942.54641    36096.98835   0.004430990   0.006292826   0.005369723   0.006880199
               142    43676.61503    33012.83201    52939.59327    36096.98834   0.004430399   0.006292349   0.005370002   0.006880199
               143    43666.86591    33010.45248    52936.97989    36096.98834   0.004429826   0.006291896   0.005370242   0.006880199
               144    43657.87198    33008.19017    52934.69417    36096.98834   0.004429273   0.006291465   0.005370445   0.006880199
               145    43649.59783    33006.03893    52932.71272    36096.98833   0.004428737   0.006291055   0.005370613   0.006880199
               146    43642.01511    33003.99281    52931.02058    36096.98832   0.004428218   0.006290665   0.005370744   0.006880199
               147    43635.09522    33002.04610    52929.60256    36096.98831   0.004427714   0.006290294   0.005370841   0.006880199
               148    43628.81452    33000.19325    52928.44870    36096.98830   0.004427224   0.006289940   0.005370902   0.006880199
               149    43623.15145    32998.42894    52927.55216    36096.98829   0.004426747   0.006289604   0.005370930   0.006880199
               150    43618.07900    32996.74798    52926.89929    36096.98827   0.004426281   0.006289284   0.005370922   0.006880199
