# Column 1: Year
# Column 2: Cumulative emissions
# Column 3: Area-weighted temperature of the grid cells included in the model
# Column 4: Area-weighted temperature change from pre-industrial of the grid cells included in the model
    1850          0.0000         15.1407         -0.1072
    1851          0.0512         15.1333         -0.1146
    1852          0.1027         15.2096         -0.0383
    1853          0.1562         15.2050         -0.0429
    1854          0.2120         15.0803         -0.1677
    1855          0.2777         15.1485         -0.0994
    1856          0.3441         15.4097          0.1618
    1857          0.4151         15.5176          0.2696
    1858          0.4868         15.3342          0.0862
    1859          0.5596         15.5088          0.2608
    1860          0.6373         15.5287          0.2808
    1861          0.7228         15.5168          0.2689
    1862          0.8130         15.5667          0.3188
    1863          0.9047         15.4583          0.2104
    1864          1.0019         15.3289          0.0809
    1865          1.1063         15.2322         -0.0157
    1866          1.2170         15.1512         -0.0967
    1867          1.3314         15.2885          0.0405
    1868          1.4537         15.2821          0.0342
    1869          1.5790         15.5763          0.3284
    1870          1.7119         15.7431          0.4952
    1871          1.8483         15.4363          0.1884
    1872          1.9931         15.1560         -0.0919
    1873          2.1531         15.5496          0.3016
    1874          2.3228         15.6563          0.4084
    1875          2.4834         15.4089          0.1609
    1876          2.6562         15.3588          0.1109
    1877          2.8317         15.6783          0.4304
    1878          3.0111         15.4695          0.2215
    1879          3.1914         15.3357          0.0877
    1880          3.3841         15.4317          0.1837
    1881          3.6029         15.1656         -0.0824
    1882          3.8276         15.1815         -0.0665
    1883          4.0640         15.3936          0.1457
    1884          4.3143         15.6229          0.3749
    1885          4.5665         15.3584          0.1104
    1886          4.8204         15.3536          0.1057
    1887          5.0781         15.5225          0.2745
    1888          5.3484         15.6223          0.3744
    1889          5.6468         15.2914          0.0435
    1890          5.9455         15.1851         -0.0628
    1891          6.2700         15.1391         -0.1088
    1892          6.6096         15.4680          0.2201
    1893          6.9517         15.3020          0.0540
    1894          7.2888         15.3979          0.1500
    1895          7.6391         15.0974         -0.1506
    1896          8.0099         15.3165          0.0686
    1897          8.3926         15.2053         -0.0427
    1898          8.7935         15.0680         -0.1799
    1899          9.2158         15.2272         -0.0207
    1900          9.6780         15.2098         -0.0382
    1901         10.1649         15.2594          0.0115
    1902         10.6681         15.6524          0.4045
    1903         11.1862         15.0577         -0.1903
    1904         11.7513         14.8553         -0.3926
    1905         12.3250         15.2895          0.0416
    1906         12.9358         15.3355          0.0876
    1907         13.5786         15.3064          0.0584
    1908         14.3038         15.3706          0.1227
    1909         15.0053         15.1644         -0.0835
    1910         15.7328         15.4011          0.1531
    1911         16.4966         15.3423          0.0943
    1912         17.2756         15.2916          0.0437
    1913         18.0934         15.2041         -0.0439
    1914         18.9805         15.4438          0.1959
    1915         19.7897         15.2604          0.0124
    1916         20.5903         15.1925         -0.0554
    1917         21.4530         15.0027         -0.2453
    1918         22.3470         15.2434         -0.0046
    1919         23.2317         15.0799         -0.1680
    1920         24.0100         15.0646         -0.1834
    1921         24.9098         15.3795          0.1315
    1922         25.7003         15.3935          0.1456
    1923         26.5404         15.1767         -0.0712
    1924         27.4955         15.1749         -0.0730
    1925         28.4612         15.1384         -0.1096
    1926         29.4401         15.1041         -0.1439
    1927         30.4064         15.0996         -0.1484
    1928         31.4725         15.2657          0.0178
    1929         32.5426         15.1544         -0.0935
    1930         33.6928         15.1225         -0.1254
    1931         34.7591         15.1818         -0.0662
    1932         35.7214         15.1830         -0.0649
    1933         36.5955         15.4312          0.1833
    1934         37.5122         15.1794         -0.0686
    1935         38.5057         15.1032         -0.1448
    1936         39.5485         15.2489          0.0009
    1937         40.6901         15.1327         -0.1153
    1938         41.9113         15.2650          0.0170
    1939         43.0630         15.4019          0.1540
    1940         44.2854         15.3050          0.0570
    1941         45.6068         15.0533         -0.1947
    1942         46.9526         15.1604         -0.0875
    1943         48.3006         15.2319         -0.0161
    1944         49.6917         15.3287          0.0808
    1945         51.0662         15.1551         -0.0929
    1946         52.2342         15.0475         -0.2004
    1947         53.5144         15.3219          0.0739
    1948         54.9488         15.5331          0.2852
    1949         56.4732         15.5830          0.3351
    1950         57.9712         15.4545          0.2065
    1951         59.6469         15.2514          0.0035
    1952         61.4422         15.2412         -0.0067
    1953         63.2707         15.4867          0.2388
    1954         65.1518         15.5846          0.3366
    1955         67.0809         15.4292          0.1812
    1956         69.1907         15.5066          0.2586
    1957         71.4502         15.3606          0.1127
    1958         73.8024         15.0073         -0.2406
    1959         76.2353         15.4290          0.1810
    1960         78.8027         15.7701          0.5221
    1961         81.4946         15.3321          0.0841
    1962         84.2069         15.4062          0.1582
    1963         87.0315         15.3653          0.1173
    1964         90.0211         15.0630         -0.1850
    1965         93.1651         15.1769         -0.0710
    1966         96.4542         15.4203          0.1724
    1967         99.8981         15.4998          0.2518
    1968        103.4576         15.2613          0.0133
    1969        107.2175         15.3435          0.0955
    1970        111.2003         15.3598          0.1119
    1971        115.4419         15.0850         -0.1630
    1972        119.8657         15.2464         -0.0015
    1973        124.4820         15.5139          0.2660
    1974        129.3636         15.4551          0.2072
    1975        134.2213         15.4048          0.1569
    1976        139.0563         15.4425          0.1946
    1977        144.1575         15.2615          0.0136
    1978        149.4232         15.5400          0.2921
    1979        154.9030         15.6309          0.3830
    1980        160.5274         15.3922          0.1443
    1981        166.0715         15.4169          0.1689
    1982        171.5066         15.4051          0.1571
    1983        176.8789         15.2589          0.0110
    1984        182.2556         15.4748          0.2268
    1985        187.7612         15.3735          0.1255
    1986        193.3230         15.6452          0.3973
    1987        198.9839         15.7756          0.5277
    1988        204.7968         15.4517          0.2038
    1989        210.7950         15.2971          0.0492
    1990        216.8650         15.2290         -0.0189
    1991        222.9089         15.7138          0.4658
    1992        228.9608         15.7233          0.4753
    1993        234.9674         15.9027          0.6547
    1994        241.0215         15.9643          0.7163
    1995        247.1163         15.7796          0.5317
    1996        253.3452         15.7468          0.4989
    1997        259.7014         15.6778          0.4298
    1998        266.1152         15.8347          0.5867
    1999        272.5412         16.1357          0.8877
    2000        279.0322         15.9529          0.7049
    2001        285.7478         15.9832          0.7352
    2002        292.5316         16.2390          0.9911
    2003        299.4549         15.9052          0.6573
    2004        306.7057         15.7939          0.5460
    2005        314.3341         15.9944          0.7465
    2006        322.2371         16.0890          0.8410
    2007        330.4034         16.4403          1.1923
    2008        338.8887         16.2507          1.0027
    2009        347.4296         16.4583          1.2103
    2010        355.8343         16.8553          1.6074
    2011        364.6214         16.7989          1.5509
    2012        373.6838         16.6041          1.3562
    2013        382.8751         16.8703          1.6223
    2014        392.3373         16.6752          1.4272
    2015        401.8588         16.5692          1.3213
    2016        411.3808         17.0014          1.7535
    2017        421.1812         16.8192          1.5712
    2018        431.2601         16.7081          1.4601
    2019        441.6174         17.0151          1.7672
    2020        452.2532         17.1083          1.8603
    2021        463.1674         17.1003          1.8523
    2022        474.3002         17.2580          2.0100
    2023        485.6515         17.2157          1.9677
    2024        497.2214         17.3338          2.0859
    2025        509.0099         17.0969          1.8490
    2026        521.0169         16.9946          1.7467
    2027        533.2425         17.1673          1.9193
    2028        545.6867         17.4030          2.1551
    2029        558.3495         17.5607          2.3128
    2030        571.2308         17.6141          2.3662
    2031        584.3307         17.2999          2.0519
    2032        597.5845         17.3042          2.0563
    2033        610.9922         17.3539          2.1059
    2034        624.5540         17.6698          2.4219
    2035        638.2696         17.7622          2.5142
    2036        652.1392         17.2707          2.0228
    2037        666.1628         17.4263          2.1783
    2038        680.3403         17.9711          2.7231
    2039        694.6717         18.2031          2.9551
    2040        709.1571         18.0324          2.7845
    2041        723.7964         18.1415          2.8936
    2042        738.5546         17.8972          2.6492
    2043        753.4316         17.7425          2.4945
    2044        768.4276         17.7775          2.5295
    2045        783.5424         18.3203          3.0723
    2046        798.7760         18.2756          3.0276
    2047        814.1286         18.0289          2.7810
    2048        829.6000         18.2277          2.9797
    2049        845.1903         18.3654          3.1174
    2050        860.8994         18.3353          3.0873
    2051        876.7274         18.4626          3.2146
    2052        892.6401         18.6824          3.4344
    2053        908.6374         18.5979          3.3500
    2054        924.7194         17.8932          2.6453
    2055        940.8860         18.2174          2.9695
    2056        957.1373         18.4688          3.2209
    2057        973.4732         18.4875          3.2396
    2058        989.8938         18.5277          3.2798
    2059       1006.3991         18.6105          3.3626
    2060       1022.9889         19.0554          3.8075
    2061       1039.6635         18.9667          3.7187
    2062       1056.4263         19.2207          3.9728
    2063       1073.2774         19.0395          3.7916
    2064       1090.2169         18.9969          3.7489
    2065       1107.2445         18.7413          3.4934
    2066       1124.3605         18.5503          3.3023
    2067       1141.5648         18.6339          3.3859
    2068       1158.8574         19.0283          3.7804
    2069       1176.2382         19.0584          3.8105
    2070       1193.7073         18.7168          3.4688
    2071       1211.2648         18.7341          3.4861
    2072       1228.9100         18.8834          3.6355
    2073       1246.6432         19.2796          4.0317
    2074       1264.4641         19.3653          4.1174
    2075       1282.3729         19.2470          3.9990
    2076       1300.3696         19.2179          3.9700
    2077       1318.4541         19.5033          4.2553
    2078       1336.6264         19.7416          4.4937
    2079       1354.8866         19.4712          4.2232
    2080       1373.2347         19.7288          4.4809
    2081       1391.6706         19.6467          4.3987
    2082       1410.2299         19.3173          4.0693
    2083       1428.9126         19.3358          4.0878
    2084       1447.7188         19.8065          4.5586
    2085       1466.6484         19.9002          4.6522
    2086       1485.7014         19.6871          4.4392
    2087       1504.8779         19.8063          4.5583
    2088       1524.1778         20.1035          4.8555
    2089       1543.6011         20.1571          4.9092
    2090       1563.1478         20.0724          4.8245
    2091       1582.8180         20.1525          4.9046
    2092       1602.6160         20.3802          5.1322
    2093       1622.5419         20.0896          4.8417
    2094       1642.5955         19.6735          4.4255
    2095       1662.7771         19.7045          4.4566
    2096       1683.0864         20.2154          4.9675
    2097       1703.5236         20.2517          5.0037
    2098       1724.0886         20.0155          4.7675
    2099       1744.7814         20.3050          5.0570
