       1     6.04389999
       2     6.19189447
       3     6.34276434
       4     6.49652534
       5     6.65316911
       6     6.81267333
       7     6.97186782
       8     7.13381330
       9     7.29849643
      10     7.46589746
      11     7.63599045
      12     7.80900291
      13     7.98463107
      14     8.16283542
      15     8.34356763
      16     8.52676922
      17     8.71595157
      18     8.90939948
      19     9.11176046
      20     9.31512210
      21     9.51668402
      22     9.71985077
      23     9.92539652
      24    10.13322926
      25    10.34283560
      26    10.55539882
      27    10.77094780
      28    10.98156051
      29    11.18666511
      30    11.38784948
      31    11.58754494
      32    11.76434684
      33    11.94283269
      34    12.13764522
      35    12.32496077
      36    12.50481556
      37    12.67778321
      38    12.84733130
      39    13.01190515
      40    13.17127197
      41    13.32471675
      42    13.47213849
      43    13.61311379
      44    13.74759070
      45    13.87485716
      46    13.99460498
      47    14.10573540
      48    14.20805641
      49    14.30107962
      50    14.38409591
      51    14.45623599
      52    14.51714770
      53    14.56623412
      54    14.60316452
      55    14.62667567
      56    14.63645325
      57    14.63207119
      58    14.61297346
      59    14.57870222
      60    14.52901135
      61    14.46336715
      62    14.38206654
      63    14.28477248
      64    14.17142421
      65    14.04190962
      66    13.89643789
      67    13.73536355
      68    13.55939871
      69    13.36926364
      70    13.16548361
      71    12.94814772
      72    12.71828477
      73    12.47689752
      74    12.22474152
      75    11.96264742
      76    11.69128187
      77    11.41183881
      78    11.12553009
      79    10.83326823
      80    10.53573867
      81    10.23423053
      82     9.92944944
      83     9.62274994
      84     9.31471185
      85     9.00644431
      86     8.69884965
      87     8.39321033
      88     8.08984833
      89     7.78942210
      90     7.49301704
      91     7.20099574
      92     6.91411398
      93     6.63325407
      94     6.35821452
      95     6.08975868
      96     5.82809934
      97     5.57343337
      98     5.32633107
      99     5.08685975
     100     4.85530332
     101     4.63134207
     102     4.41513995
     103     4.20690987
     104     4.00641839
     105     3.81363213
     106     3.62845154
     107     3.45070179
     108     3.28021067
     109     3.11697491
     110     2.96071422
     111     2.81128501
     112     2.66851681
     113     2.53233264
     114     2.40250865
     115     2.27881889
     116     2.16103649
     117     2.04893518
     118     1.94229067
     119     1.84088091
     120     1.74448764
     121     1.65289688
     122     1.56589959
     123     1.48329211
     124     1.40487629
     125     1.33046016
     126     1.25985785
     127     1.19288991
     128     1.12938334
     129     1.06917177
     130     1.01209495
     131     0.95799921
     132     0.90673724
     133     0.85816796
     134     0.81215644
     135     0.76857357
     136     0.72729607
     137     0.68820634
     138     0.65119221
     139     0.61614686
     140     0.58296843
     141     0.55155997
     142     0.52182931
     143     0.49368876
     144     0.46705501
     145     0.44184882
     146     0.41799496
     147     0.39542198
     148     0.37406211
     149     0.35385101
     150     0.33472763
